9.999999999967944531e-01 2.532025064280810835e-06 0.000000000000000000e+00 -8.000000000000000000e+00 -2.532025064280810835e-06 9.999999999967944531e-01 0.000000000000000000e+00 5.000000000000000000e+00 0.000000000000000000e+00 0.000000000000000000e+00 1.000000000000000000e+00 0.000000000000000000e+00
9.974552221790500273e-01 -7.129572040271354993e-02 0.000000000000000000e+00 -8.008507728576660156e+00 7.129572040271354993e-02 9.974552221790500273e-01 0.000000000000000000e+00 4.602260112762451172e+00 0.000000000000000000e+00 0.000000000000000000e+00 1.000000000000000000e+00 0.000000000000000000e+00
9.895264822690336137e-01 -1.443514492073837974e-01 0.000000000000000000e+00 -7.984930992126464844e+00 1.443514492073837974e-01 9.895264822690336137e-01 0.000000000000000000e+00 4.205665111541748047e+00 0.000000000000000000e+00 0.000000000000000000e+00 1.000000000000000000e+00 0.000000000000000000e+00
9.589998800293443315e-01 -2.834064750560634227e-01 0.000000000000000000e+00 -7.880784511566162109e+00 2.834064750560634227e-01 9.589998800293443315e-01 0.000000000000000000e+00 3.882366895675659180e+00 0.000000000000000000e+00 0.000000000000000000e+00 1.000000000000000000e+00 0.000000000000000000e+00
9.220826424454516834e-01 -3.869930238399825750e-01 0.000000000000000000e+00 -7.714063644409179688e+00 3.869930238399825750e-01 9.220826424454516834e-01 0.000000000000000000e+00 3.572805881500244141e+00 0.000000000000000000e+00 0.000000000000000000e+00 1.000000000000000000e+00 0.000000000000000000e+00
8.522964766431333494e-01 -5.230589984903241119e-01 0.000000000000000000e+00 -7.550170898437500000e+00 5.230589984903241119e-01 8.522964766431333494e-01 0.000000000000000000e+00 3.110941648483276367e+00 0.000000000000000000e+00 0.000000000000000000e+00 1.000000000000000000e+00 0.000000000000000000e+00
8.719327660978003491e-01 -4.896256237218786223e-01 0.000000000000000000e+00 -7.153830528259277344e+00 4.896256237218786223e-01 8.719327660978003491e-01 0.000000000000000000e+00 2.734349012374877930e+00 0.000000000000000000e+00 0.000000000000000000e+00 1.000000000000000000e+00 0.000000000000000000e+00
8.615979568082543505e-01 -5.075913324947949334e-01 0.000000000000000000e+00 -6.887948036193847656e+00 5.075913324947949334e-01 8.615979568082543505e-01 0.000000000000000000e+00 2.336590051651000977e+00 0.000000000000000000e+00 0.000000000000000000e+00 1.000000000000000000e+00 0.000000000000000000e+00
7.765771997003350080e-01 -6.300221050928181965e-01 0.000000000000000000e+00 -6.614049911499023438e+00 6.300221050928181965e-01 7.765771997003350080e-01 0.000000000000000000e+00 2.005668163299560547e+00 0.000000000000000000e+00 0.000000000000000000e+00 1.000000000000000000e+00 0.000000000000000000e+00
7.097167577276408679e-01 -7.044871352981295631e-01 0.000000000000000000e+00 -6.322662830352783203e+00 7.044871352981295631e-01 7.097167577276408679e-01 0.000000000000000000e+00 1.596279501914978027e+00 0.000000000000000000e+00 0.000000000000000000e+00 1.000000000000000000e+00 0.000000000000000000e+00
6.730337320583866800e-01 -7.396117870285462415e-01 0.000000000000000000e+00 -5.925618171691894531e+00 7.396117870285462415e-01 6.730337320583866800e-01 0.000000000000000000e+00 1.349987387657165527e+00 0.000000000000000000e+00 0.000000000000000000e+00 1.000000000000000000e+00 0.000000000000000000e+00
7.595164372712981393e-01 -6.504881102024188122e-01 0.000000000000000000e+00 -5.682034492492675781e+00 6.504881102024188122e-01 7.595164372712981393e-01 0.000000000000000000e+00 1.036382675170898438e+00 0.000000000000000000e+00 0.000000000000000000e+00 1.000000000000000000e+00 0.000000000000000000e+00
7.289523409400947562e-01 -6.845644488563190633e-01 0.000000000000000000e+00 -5.336055278778076172e+00 6.845644488563190633e-01 7.289523409400947562e-01 0.000000000000000000e+00 7.746883034706115723e-01 0.000000000000000000e+00 0.000000000000000000e+00 1.000000000000000000e+00 0.000000000000000000e+00
6.881663095944928754e-01 -7.255529824479370893e-01 0.000000000000000000e+00 -5.068828582763671875e+00 7.255529824479370893e-01 6.881663095944928754e-01 0.000000000000000000e+00 2.604432702064514160e-01 0.000000000000000000e+00 0.000000000000000000e+00 1.000000000000000000e+00 0.000000000000000000e+00
5.438095337925537009e-01 -8.392086694954511428e-01 0.000000000000000000e+00 -4.740620136260986328e+00 8.392086694954511428e-01 5.438095337925537009e-01 0.000000000000000000e+00 1.536596268415451050e-01 0.000000000000000000e+00 0.000000000000000000e+00 1.000000000000000000e+00 0.000000000000000000e+00
5.362000161274681487e-01 -8.440909564169627455e-01 0.000000000000000000e+00 -4.326710700988769531e+00 8.440909564169627455e-01 5.362000161274681487e-01 0.000000000000000000e+00 -1.494935601949691772e-01 0.000000000000000000e+00 0.000000000000000000e+00 1.000000000000000000e+00 0.000000000000000000e+00
4.232844214499595914e-01 -9.059968535032408843e-01 0.000000000000000000e+00 -4.130024909973144531e+00 9.059968535032408843e-01 4.232844214499595914e-01 0.000000000000000000e+00 -3.956886529922485352e-01 0.000000000000000000e+00 0.000000000000000000e+00 1.000000000000000000e+00 0.000000000000000000e+00
4.025164406387322091e-01 -9.154127566379692826e-01 0.000000000000000000e+00 -3.542150497436523438e+00 9.154127566379692826e-01 4.025164406387322091e-01 0.000000000000000000e+00 -5.594846010208129883e-01 0.000000000000000000e+00 0.000000000000000000e+00 1.000000000000000000e+00 0.000000000000000000e+00
4.698637422332640479e-01 -8.827389556004384685e-01 0.000000000000000000e+00 -3.182277202606201172e+00 8.827389556004384685e-01 4.698637422332640479e-01 0.000000000000000000e+00 -8.546116352081298828e-01 0.000000000000000000e+00 0.000000000000000000e+00 1.000000000000000000e+00 0.000000000000000000e+00
4.621705509167605141e-01 -8.867910587423049051e-01 0.000000000000000000e+00 -2.825301885604858398e+00 8.867910587423049051e-01 4.621705509167605141e-01 0.000000000000000000e+00 -8.535878658294677734e-01 0.000000000000000000e+00 0.000000000000000000e+00 1.000000000000000000e+00 0.000000000000000000e+00
3.415761749529698799e-01 -9.398540933062419223e-01 0.000000000000000000e+00 -2.903348207473754883e+00 9.398540933062419223e-01 3.415761749529698799e-01 0.000000000000000000e+00 -9.843496680259704590e-01 0.000000000000000000e+00 0.000000000000000000e+00 1.000000000000000000e+00 0.000000000000000000e+00
2.264445123130337245e-01 -9.740240668706868776e-01 0.000000000000000000e+00 -2.605524063110351562e+00 9.740240668706868776e-01 2.264445123130337245e-01 0.000000000000000000e+00 -9.553042650222778320e-01 0.000000000000000000e+00 0.000000000000000000e+00 1.000000000000000000e+00 0.000000000000000000e+00
1.037402280072063920e-01 -9.946044264394829915e-01 0.000000000000000000e+00 -2.108940839767456055e+00 9.946044264394829915e-01 1.037402280072063920e-01 0.000000000000000000e+00 -9.374258518218994141e-01 0.000000000000000000e+00 0.000000000000000000e+00 1.000000000000000000e+00 0.000000000000000000e+00
-1.138301071802672315e-01 -9.935002298436215185e-01 0.000000000000000000e+00 -1.700234651565551758e+00 9.935002298436215185e-01 -1.138301071802672315e-01 0.000000000000000000e+00 -8.454676270484924316e-01 0.000000000000000000e+00 0.000000000000000000e+00 1.000000000000000000e+00 0.000000000000000000e+00
-2.749946774189322429e-01 -9.614457485429208639e-01 0.000000000000000000e+00 -1.271134018898010254e+00 9.614457485429208639e-01 -2.749946774189322429e-01 0.000000000000000000e+00 -7.674468159675598145e-01 0.000000000000000000e+00 0.000000000000000000e+00 1.000000000000000000e+00 0.000000000000000000e+00
-4.132533639972493233e-01 -9.106160865836694374e-01 0.000000000000000000e+00 -9.681378602981567383e-01 9.106160865836694374e-01 -4.132533639972493233e-01 0.000000000000000000e+00 -5.574064850807189941e-01 0.000000000000000000e+00 0.000000000000000000e+00 1.000000000000000000e+00 0.000000000000000000e+00
-5.618839424709216601e-01 -8.272160752749755375e-01 0.000000000000000000e+00 -8.050034642219543457e-01 8.272160752749755375e-01 -5.618839424709216601e-01 0.000000000000000000e+00 -2.966336905956268311e-01 0.000000000000000000e+00 0.000000000000000000e+00 1.000000000000000000e+00 0.000000000000000000e+00
-6.460712061451996391e-01 -7.632771427142875931e-01 0.000000000000000000e+00 -6.358085870742797852e-01 7.632771427142875931e-01 -6.460712061451996391e-01 0.000000000000000000e+00 -9.916995465755462646e-02 0.000000000000000000e+00 0.000000000000000000e+00 1.000000000000000000e+00 0.000000000000000000e+00
-8.023448469825072982e-01 -5.968607429883597826e-01 0.000000000000000000e+00 -3.806592822074890137e-01 5.968607429883597826e-01 -8.023448469825072982e-01 0.000000000000000000e+00 2.405569851398468018e-01 0.000000000000000000e+00 0.000000000000000000e+00 1.000000000000000000e+00 0.000000000000000000e+00
-8.974996072433591987e-01 -4.410152548359478342e-01 0.000000000000000000e+00 -6.885554641485214233e-02 4.410152548359478342e-01 -8.974996072433591987e-01 0.000000000000000000e+00 6.492919921875000000e-01 0.000000000000000000e+00 0.000000000000000000e+00 1.000000000000000000e+00 0.000000000000000000e+00
9.253272228008228018e-01 3.791695277098576788e-01 0.000000000000000000e+00 5.388176441192626953e-02 -3.791695277098576788e-01 9.253272228008228018e-01 0.000000000000000000e+00 9.686064124107360840e-01 0.000000000000000000e+00 0.000000000000000000e+00 1.000000000000000000e+00 0.000000000000000000e+00
9.591075838294443878e-01 2.830417683679307683e-01 0.000000000000000000e+00 1.783201545476913452e-01 -2.830417683679307683e-01 9.591075838294443878e-01 0.000000000000000000e+00 1.494409799575805664e+00 0.000000000000000000e+00 0.000000000000000000e+00 1.000000000000000000e+00 0.000000000000000000e+00
9.750378445788880910e-01 2.220387390500945246e-01 0.000000000000000000e+00 2.634679377079010010e-01 -2.220387390500945246e-01 9.750378445788880910e-01 0.000000000000000000e+00 1.901159524917602539e+00 0.000000000000000000e+00 0.000000000000000000e+00 1.000000000000000000e+00 0.000000000000000000e+00
9.999982378709514341e-01 1.877299920659363658e-03 0.000000000000000000e+00 3.988624513149261475e-01 -1.877299920659363658e-03 9.999982378709514341e-01 0.000000000000000000e+00 2.138450622558593750e+00 0.000000000000000000e+00 0.000000000000000000e+00 1.000000000000000000e+00 0.000000000000000000e+00
9.815126533947885479e-01 -1.913972602361946607e-01 0.000000000000000000e+00 1.840437948703765869e-01 1.913972602361946607e-01 9.815126533947885479e-01 0.000000000000000000e+00 2.576344966888427734e+00 0.000000000000000000e+00 0.000000000000000000e+00 1.000000000000000000e+00 0.000000000000000000e+00
9.387218397388291669e-01 -3.446756556494061097e-01 0.000000000000000000e+00 6.991033442318439484e-03 3.446756556494061097e-01 9.387218397388291669e-01 0.000000000000000000e+00 3.030409812927246094e+00 0.000000000000000000e+00 0.000000000000000000e+00 1.000000000000000000e+00 0.000000000000000000e+00
8.672289757734786830e-01 -4.979095335288160062e-01 0.000000000000000000e+00 -2.747312188148498535e-01 4.979095335288160062e-01 8.672289757734786830e-01 0.000000000000000000e+00 3.314264297485351562e+00 0.000000000000000000e+00 0.000000000000000000e+00 1.000000000000000000e+00 0.000000000000000000e+00
7.719643087947113402e-01 -6.356658760285182064e-01 0.000000000000000000e+00 -4.148072898387908936e-01 6.356658760285182064e-01 7.719643087947113402e-01 0.000000000000000000e+00 3.760015010833740234e+00 0.000000000000000000e+00 0.000000000000000000e+00 1.000000000000000000e+00 0.000000000000000000e+00
7.633444032609446595e-01 -6.459917352491378884e-01 0.000000000000000000e+00 -5.889856219291687012e-01 6.459917352491378884e-01 7.633444032609446595e-01 0.000000000000000000e+00 4.158269882202148438e+00 0.000000000000000000e+00 0.000000000000000000e+00 1.000000000000000000e+00 0.000000000000000000e+00
7.470256565639858959e-01 -6.647952078912314766e-01 0.000000000000000000e+00 -9.220176935195922852e-01 6.647952078912314766e-01 7.470256565639858959e-01 0.000000000000000000e+00 4.616320133209228516e+00 0.000000000000000000e+00 0.000000000000000000e+00 1.000000000000000000e+00 0.000000000000000000e+00
-7.579407462424748720e-01 6.523234053637814167e-01 0.000000000000000000e+00 -8.336957693099975586e-01 -6.523234053637814167e-01 -7.579407462424748720e-01 0.000000000000000000e+00 4.475093364715576172e+00 0.000000000000000000e+00 0.000000000000000000e+00 1.000000000000000000e+00 0.000000000000000000e+00
6.322411994448371431e-01 -7.747716216567006597e-01 0.000000000000000000e+00 -1.407500505447387695e+00 7.747716216567006597e-01 6.322411994448371431e-01 0.000000000000000000e+00 4.934698104858398438e+00 0.000000000000000000e+00 0.000000000000000000e+00 1.000000000000000000e+00 0.000000000000000000e+00
4.747810395397470407e-01 -8.801039509589518861e-01 0.000000000000000000e+00 -1.789129495620727539e+00 8.801039509589518861e-01 4.747810395397470407e-01 0.000000000000000000e+00 5.158274173736572266e+00 0.000000000000000000e+00 0.000000000000000000e+00 1.000000000000000000e+00 0.000000000000000000e+00
3.811971551929204116e-01 -9.244937689745802434e-01 0.000000000000000000e+00 -2.224660396575927734e+00 9.244937689745802434e-01 3.811971551929204116e-01 0.000000000000000000e+00 5.510477542877197266e+00 0.000000000000000000e+00 0.000000000000000000e+00 1.000000000000000000e+00 0.000000000000000000e+00
2.746726827830438533e-01 -9.615377877820326935e-01 0.000000000000000000e+00 -2.687820196151733398e+00 9.615377877820326935e-01 2.746726827830438533e-01 0.000000000000000000e+00 5.795220375061035156e+00 0.000000000000000000e+00 0.000000000000000000e+00 1.000000000000000000e+00 0.000000000000000000e+00
2.114730483513896087e-01 -9.773838293224268448e-01 0.000000000000000000e+00 -3.172582626342773438e+00 9.773838293224268448e-01 2.114730483513896087e-01 0.000000000000000000e+00 5.847969532012939453e+00 0.000000000000000000e+00 0.000000000000000000e+00 1.000000000000000000e+00 0.000000000000000000e+00
1.800548440961027008e-01 -9.836565727516530799e-01 0.000000000000000000e+00 -3.556314945220947266e+00 9.836565727516530799e-01 1.800548440961027008e-01 0.000000000000000000e+00 5.889234542846679688e+00 0.000000000000000000e+00 0.000000000000000000e+00 1.000000000000000000e+00 0.000000000000000000e+00
5.381225981941775011e-02 -9.985510706484308496e-01 0.000000000000000000e+00 -4.067641258239746094e+00 9.985510706484308496e-01 5.381225981941775011e-02 0.000000000000000000e+00 6.200465679168701172e+00 0.000000000000000000e+00 0.000000000000000000e+00 1.000000000000000000e+00 0.000000000000000000e+00
-7.506930047264928629e-02 -9.971783191217843401e-01 0.000000000000000000e+00 -4.540363311767578125e+00 9.971783191217843401e-01 -7.506930047264928629e-02 0.000000000000000000e+00 6.179763317108154297e+00 0.000000000000000000e+00 0.000000000000000000e+00 1.000000000000000000e+00 0.000000000000000000e+00
-1.046189122914743114e-01 -9.945123846342732721e-01 0.000000000000000000e+00 -5.116425037384033203e+00 9.945123846342732721e-01 -1.046189122914743114e-01 0.000000000000000000e+00 6.171804904937744141e+00 0.000000000000000000e+00 0.000000000000000000e+00 1.000000000000000000e+00 0.000000000000000000e+00
-1.896755127053531553e-01 -9.818468311707083673e-01 0.000000000000000000e+00 -5.562431812286376953e+00 9.818468311707083673e-01 -1.896755127053531553e-01 0.000000000000000000e+00 6.215378761291503906e+00 0.000000000000000000e+00 0.000000000000000000e+00 1.000000000000000000e+00 0.000000000000000000e+00
-1.633382999473981245e-01 -9.865701190337632376e-01 0.000000000000000000e+00 -6.003731727600097656e+00 9.865701190337632376e-01 -1.633382999473981245e-01 0.000000000000000000e+00 6.052194595336914062e+00 0.000000000000000000e+00 0.000000000000000000e+00 1.000000000000000000e+00 0.000000000000000000e+00
-3.567294651670090966e-01 -9.342077331523538364e-01 0.000000000000000000e+00 -6.466381072998046875e+00 9.342077331523538364e-01 -3.567294651670090966e-01 0.000000000000000000e+00 6.025610446929931641e+00 0.000000000000000000e+00 0.000000000000000000e+00 1.000000000000000000e+00 0.000000000000000000e+00
-4.072776020953856047e-01 -9.133044152041710495e-01 0.000000000000000000e+00 -6.754532337188720703e+00 9.133044152041710495e-01 -4.072776020953856047e-01 0.000000000000000000e+00 6.051958084106445312e+00 0.000000000000000000e+00 0.000000000000000000e+00 1.000000000000000000e+00 0.000000000000000000e+00
-5.068782350933946912e-01 -8.620176650096014193e-01 0.000000000000000000e+00 -7.065563678741455078e+00 8.620176650096014193e-01 -5.068782350933946912e-01 0.000000000000000000e+00 5.805094718933105469e+00 0.000000000000000000e+00 0.000000000000000000e+00 1.000000000000000000e+00 0.000000000000000000e+00
-5.914845859535868833e-01 -8.063163055397762902e-01 0.000000000000000000e+00 -7.599291801452636719e+00 8.063163055397762902e-01 -5.914845859535868833e-01 0.000000000000000000e+00 5.727354049682617188e+00 0.000000000000000000e+00 0.000000000000000000e+00 1.000000000000000000e+00 0.000000000000000000e+00
-6.892782077300372290e-01 -7.244967579972098060e-01 0.000000000000000000e+00 -8.073254585266113281e+00 7.244967579972098060e-01 -6.892782077300372290e-01 0.000000000000000000e+00 5.406254768371582031e+00 0.000000000000000000e+00 0.000000000000000000e+00 1.000000000000000000e+00 0.000000000000000000e+00
-7.510365444455628925e-01 -6.602606371027035514e-01 0.000000000000000000e+00 -8.289432525634765625e+00 6.602606371027035514e-01 -7.510365444455628925e-01 0.000000000000000000e+00 5.092495918273925781e+00 0.000000000000000000e+00 0.000000000000000000e+00 1.000000000000000000e+00 0.000000000000000000e+00
-9.523976162501882614e-01 -3.048586238914018920e-01 0.000000000000000000e+00 -8.621058464050292969e+00 3.048586238914018920e-01 -9.523976162501882614e-01 0.000000000000000000e+00 4.682676315307617188e+00 0.000000000000000000e+00 0.000000000000000000e+00 1.000000000000000000e+00 0.000000000000000000e+00
-9.788720069381363631e-01 -2.044739446308625475e-01 0.000000000000000000e+00 -8.762872695922851562e+00 2.044739446308625475e-01 -9.788720069381363631e-01 0.000000000000000000e+00 4.331033229827880859e+00 0.000000000000000000e+00 0.000000000000000000e+00 1.000000000000000000e+00 0.000000000000000000e+00
1.378023543830448616e-01 -9.904597473529601626e-01 0.000000000000000000e+00 -8.657689094543457031e+00 9.904597473529601626e-01 1.378023543830448616e-01 0.000000000000000000e+00 4.424698352813720703e+00 0.000000000000000000e+00 0.000000000000000000e+00 1.000000000000000000e+00 0.000000000000000000e+00
-9.664581878746826282e-01 2.568240080093460720e-01 0.000000000000000000e+00 -8.569492340087890625e+00 -2.568240080093460720e-01 -9.664581878746826282e-01 0.000000000000000000e+00 4.042433261871337891e+00 0.000000000000000000e+00 0.000000000000000000e+00 1.000000000000000000e+00 0.000000000000000000e+00
-8.340881883153498100e-01 5.516311214143174713e-01 0.000000000000000000e+00 -8.493390083312988281e+00 -5.516311214143174713e-01 -8.340881883153498100e-01 0.000000000000000000e+00 3.691498517990112305e+00 0.000000000000000000e+00 0.000000000000000000e+00 1.000000000000000000e+00 0.000000000000000000e+00
-6.303114391289864615e-01 7.763423791750299063e-01 0.000000000000000000e+00 -8.210580825805664062e+00 -7.763423791750299063e-01 -6.303114391289864615e-01 0.000000000000000000e+00 3.284804105758666992e+00 0.000000000000000000e+00 0.000000000000000000e+00 1.000000000000000000e+00 0.000000000000000000e+00
-3.026472435654700144e-01 9.531026418818819845e-01 0.000000000000000000e+00 -7.764950752258300781e+00 -9.531026418818819845e-01 -3.026472435654700144e-01 0.000000000000000000e+00 3.096069097518920898e+00 0.000000000000000000e+00 0.000000000000000000e+00 1.000000000000000000e+00 0.000000000000000000e+00
-1.543083538508159026e-02 9.998809375717283565e-01 0.000000000000000000e+00 -7.274506568908691406e+00 -9.998809375717283565e-01 -1.543083538508159026e-02 0.000000000000000000e+00 3.187042951583862305e+00 0.000000000000000000e+00 0.000000000000000000e+00 1.000000000000000000e+00 0.000000000000000000e+00
1.597725018292144306e-01 9.871538622014471853e-01 0.000000000000000000e+00 -6.638551712036132812e+00 -9.871538622014471853e-01 1.597725018292144306e-01 0.000000000000000000e+00 3.216695547103881836e+00 0.000000000000000000e+00 0.000000000000000000e+00 1.000000000000000000e+00 0.000000000000000000e+00
3.938778975493331114e-01 9.191627722129074307e-01 0.000000000000000000e+00 -6.131867408752441406e+00 -9.191627722129074307e-01 3.938778975493331114e-01 0.000000000000000000e+00 3.398098945617675781e+00 0.000000000000000000e+00 0.000000000000000000e+00 1.000000000000000000e+00 0.000000000000000000e+00
6.755320563913207454e-01 7.373306183712388107e-01 0.000000000000000000e+00 -5.973131179809570312e+00 -7.373306183712388107e-01 6.755320563913207454e-01 0.000000000000000000e+00 3.719416856765747070e+00 0.000000000000000000e+00 0.000000000000000000e+00 1.000000000000000000e+00 0.000000000000000000e+00
8.884439737797363845e-01 4.589850819519858405e-01 0.000000000000000000e+00 -5.794579029083251953e+00 -4.589850819519858405e-01 8.884439737797363845e-01 0.000000000000000000e+00 4.177901268005371094e+00 0.000000000000000000e+00 0.000000000000000000e+00 1.000000000000000000e+00 0.000000000000000000e+00
-9.944920768046869863e-01 -1.048117797420718145e-01 0.000000000000000000e+00 -5.596515178680419922e+00 1.048117797420718145e-01 -9.944920768046869863e-01 0.000000000000000000e+00 4.597929000854492188e+00 0.000000000000000000e+00 0.000000000000000000e+00 1.000000000000000000e+00 0.000000000000000000e+00
-9.894656802128093398e-01 1.447676334026449796e-01 0.000000000000000000e+00 -5.742645263671875000e+00 -1.447676334026449796e-01 -9.894656802128093398e-01 0.000000000000000000e+00 5.287165164947509766e+00 0.000000000000000000e+00 0.000000000000000000e+00 1.000000000000000000e+00 0.000000000000000000e+00
-8.767394027809527479e-01 4.809657156298132175e-01 0.000000000000000000e+00 -5.989229679107666016e+00 -4.809657156298132175e-01 -8.767394027809527479e-01 0.000000000000000000e+00 5.687886714935302734e+00 0.000000000000000000e+00 0.000000000000000000e+00 1.000000000000000000e+00 0.000000000000000000e+00
-7.035404895316909046e-01 7.106551762912226566e-01 0.000000000000000000e+00 -6.153926849365234375e+00 -7.106551762912226566e-01 -7.035404895316909046e-01 0.000000000000000000e+00 6.190597534179687500e+00 0.000000000000000000e+00 0.000000000000000000e+00 1.000000000000000000e+00 0.000000000000000000e+00
-4.713596289876407774e-01 8.819410978974920878e-01 0.000000000000000000e+00 -6.481890678405761719e+00 -8.819410978974920878e-01 -4.713596289876407774e-01 0.000000000000000000e+00 6.398005962371826172e+00 0.000000000000000000e+00 0.000000000000000000e+00 1.000000000000000000e+00 0.000000000000000000e+00
-9.841393214464511097e-02 9.951455662162340676e-01 0.000000000000000000e+00 -6.993972778320312500e+00 -9.951455662162340676e-01 -9.841393214464511097e-02 0.000000000000000000e+00 6.581707954406738281e+00 0.000000000000000000e+00 0.000000000000000000e+00 1.000000000000000000e+00 0.000000000000000000e+00
1.841108284584119792e-01 9.829054902910845382e-01 0.000000000000000000e+00 -7.376708984375000000e+00 -9.829054902910845382e-01 1.841108284584119792e-01 0.000000000000000000e+00 6.673916339874267578e+00 0.000000000000000000e+00 0.000000000000000000e+00 1.000000000000000000e+00 0.000000000000000000e+00
6.817145657452867713e-01 7.316182411959908372e-01 0.000000000000000000e+00 -7.781349182128906250e+00 -7.316182411959908372e-01 6.817145657452867713e-01 0.000000000000000000e+00 6.520974159240722656e+00 0.000000000000000000e+00 0.000000000000000000e+00 1.000000000000000000e+00 0.000000000000000000e+00
8.759360744464094184e-01 4.824271898260028557e-01 0.000000000000000000e+00 -8.115114212036132812e+00 -4.824271898260028557e-01 8.759360744464094184e-01 0.000000000000000000e+00 6.284803867340087891e+00 0.000000000000000000e+00 0.000000000000000000e+00 1.000000000000000000e+00 0.000000000000000000e+00
9.555399161635025340e-01 2.948617788358580682e-01 0.000000000000000000e+00 -8.202989578247070312e+00 -2.948617788358580682e-01 9.555399161635025340e-01 0.000000000000000000e+00 5.928542613983154297e+00 0.000000000000000000e+00 0.000000000000000000e+00 1.000000000000000000e+00 0.000000000000000000e+00
9.999996135452581258e-01 8.791526229099867360e-04 0.000000000000000000e+00 -8.199891090393066406e+00 -8.791526229099867360e-04 9.999996135452581258e-01 0.000000000000000000e+00 5.949347019195556641e+00 0.000000000000000000e+00 0.000000000000000000e+00 1.000000000000000000e+00 0.000000000000000000e+00
9.997867799545454570e-01 2.064932512508311710e-02 0.000000000000000000e+00 -8.225598335266113281e+00 -2.064932512508311710e-02 9.997867799545454570e-01 0.000000000000000000e+00 5.438303947448730469e+00 0.000000000000000000e+00 0.000000000000000000e+00 1.000000000000000000e+00 0.000000000000000000e+00
9.897949045506774235e-01 -1.424992874561669953e-01 0.000000000000000000e+00 -8.291696548461914062e+00 1.424992874561669953e-01 9.897949045506774235e-01 0.000000000000000000e+00 4.918067932128906250e+00 0.000000000000000000e+00 0.000000000000000000e+00 1.000000000000000000e+00 0.000000000000000000e+00
9.559423013046656203e-01 -2.935546228154820581e-01 0.000000000000000000e+00 -8.201652526855468750e+00 2.935546228154820581e-01 9.559423013046656203e-01 0.000000000000000000e+00 4.408726215362548828e+00 0.000000000000000000e+00 0.000000000000000000e+00 1.000000000000000000e+00 0.000000000000000000e+00
9.212737002653481611e-01 -3.889148611192343452e-01 0.000000000000000000e+00 -8.109393119812011719e+00 3.889148611192343452e-01 9.212737002653481611e-01 0.000000000000000000e+00 4.002824783325195312e+00 0.000000000000000000e+00 0.000000000000000000e+00 1.000000000000000000e+00 0.000000000000000000e+00
8.533492660878317926e-01 -5.213396494295813310e-01 0.000000000000000000e+00 -7.851452350616455078e+00 5.213396494295813310e-01 8.533492660878317926e-01 0.000000000000000000e+00 3.470615863800048828e+00 0.000000000000000000e+00 0.000000000000000000e+00 1.000000000000000000e+00 0.000000000000000000e+00
8.720591911212873804e-01 -4.894004159999110759e-01 0.000000000000000000e+00 -7.501181602478027344e+00 4.894004159999110759e-01 8.720591911212873804e-01 0.000000000000000000e+00 2.941792488098144531e+00 0.000000000000000000e+00 0.000000000000000000e+00 1.000000000000000000e+00 0.000000000000000000e+00
8.396766134635959000e-01 -5.430867194125694741e-01 0.000000000000000000e+00 -7.103687286376953125e+00 5.430867194125694741e-01 8.396766134635959000e-01 0.000000000000000000e+00 2.361107826232910156e+00 0.000000000000000000e+00 0.000000000000000000e+00 1.000000000000000000e+00 0.000000000000000000e+00
7.766281555548428805e-01 -6.299592907478090975e-01 0.000000000000000000e+00 -6.863096714019775391e+00 6.299592907478090975e-01 7.766281555548428805e-01 0.000000000000000000e+00 1.997317314147949219e+00 0.000000000000000000e+00 0.000000000000000000e+00 1.000000000000000000e+00 0.000000000000000000e+00
6.388229495879751418e-01 -7.693537801816011656e-01 0.000000000000000000e+00 -6.492948055267333984e+00 7.693537801816011656e-01 6.388229495879751418e-01 0.000000000000000000e+00 1.578989148139953613e+00 0.000000000000000000e+00 0.000000000000000000e+00 1.000000000000000000e+00 0.000000000000000000e+00
6.736749054110179324e-01 -7.390278220875422521e-01 0.000000000000000000e+00 -6.023177146911621094e+00 7.390278220875422521e-01 6.736749054110179324e-01 0.000000000000000000e+00 1.167388319969177246e+00 0.000000000000000000e+00 0.000000000000000000e+00 1.000000000000000000e+00 0.000000000000000000e+00
7.387680608209356015e-01 -6.739597557056906663e-01 0.000000000000000000e+00 -5.647653102874755859e+00 6.739597557056906663e-01 7.387680608209356015e-01 0.000000000000000000e+00 9.065775871276855469e-01 0.000000000000000000e+00 0.000000000000000000e+00 1.000000000000000000e+00 0.000000000000000000e+00
7.282590473347031468e-01 -6.853019480310489353e-01 0.000000000000000000e+00 -5.310263633728027344e+00 6.853019480310489353e-01 7.282590473347031468e-01 0.000000000000000000e+00 4.554710388183593750e-01 0.000000000000000000e+00 0.000000000000000000e+00 1.000000000000000000e+00 0.000000000000000000e+00
6.204174142573201101e-01 -7.842717845787012809e-01 0.000000000000000000e+00 -4.972094535827636719e+00 7.842717845787012809e-01 6.204174142573201101e-01 0.000000000000000000e+00 1.615423262119293213e-01 0.000000000000000000e+00 0.000000000000000000e+00 1.000000000000000000e+00 0.000000000000000000e+00
5.441510303227919954e-01 -8.389872801173113848e-01 0.000000000000000000e+00 -4.472898960113525391e+00 8.389872801173113848e-01 5.441510303227919954e-01 0.000000000000000000e+00 -2.568896412849426270e-01 0.000000000000000000e+00 0.000000000000000000e+00 1.000000000000000000e+00 0.000000000000000000e+00
3.523398066352258495e-01 -9.358721390554650688e-01 0.000000000000000000e+00 -4.141535282135009766e+00 9.358721390554650688e-01 3.523398066352258495e-01 0.000000000000000000e+00 -6.972914934158325195e-01 0.000000000000000000e+00 0.000000000000000000e+00 1.000000000000000000e+00 0.000000000000000000e+00
4.221583772119417710e-01 -9.065220926981205629e-01 0.000000000000000000e+00 -3.625972747802734375e+00 9.065220926981205629e-01 4.221583772119417710e-01 0.000000000000000000e+00 -8.526676297187805176e-01 0.000000000000000000e+00 0.000000000000000000e+00 1.000000000000000000e+00 0.000000000000000000e+00
5.662897659493293379e-01 -8.242062247890716842e-01 0.000000000000000000e+00 -3.115335702896118164e+00 8.242062247890716842e-01 5.662897659493293379e-01 0.000000000000000000e+00 -1.054582715034484863e+00 0.000000000000000000e+00 0.000000000000000000e+00 1.000000000000000000e+00 0.000000000000000000e+00
4.696888396160259216e-01 -8.828320304226342508e-01 0.000000000000000000e+00 -2.525932788848876953e+00 8.828320304226342508e-01 4.696888396160259216e-01 0.000000000000000000e+00 -1.430422067642211914e+00 0.000000000000000000e+00 0.000000000000000000e+00 1.000000000000000000e+00 0.000000000000000000e+00
4.495415543508068379e-01 -8.932594197162773142e-01 0.000000000000000000e+00 -2.058002233505249023e+00 8.932594197162773142e-01 4.495415543508068379e-01 0.000000000000000000e+00 -1.449234247207641602e+00 0.000000000000000000e+00 0.000000000000000000e+00 1.000000000000000000e+00 0.000000000000000000e+00
3.411542003952497404e-01 -9.400073465418649077e-01 0.000000000000000000e+00 -2.079298019409179688e+00 9.400073465418649077e-01 3.411542003952497404e-01 0.000000000000000000e+00 -1.498597025871276855e+00 0.000000000000000000e+00 0.000000000000000000e+00 1.000000000000000000e+00 0.000000000000000000e+00
2.530356862143895991e-01 -9.674569455546913055e-01 0.000000000000000000e+00 -1.608114719390869141e+00 9.674569455546913055e-01 2.530356862143895991e-01 0.000000000000000000e+00 -1.587708234786987305e+00 0.000000000000000000e+00 0.000000000000000000e+00 1.000000000000000000e+00 0.000000000000000000e+00
1.047630425998207493e-01 -9.944972121153624611e-01 0.000000000000000000e+00 -1.220630168914794922e+00 9.944972121153624611e-01 1.047630425998207493e-01 0.000000000000000000e+00 -1.463887453079223633e+00 0.000000000000000000e+00 0.000000000000000000e+00 1.000000000000000000e+00 0.000000000000000000e+00
-7.520748556254396033e-02 -9.971679066813972092e-01 0.000000000000000000e+00 -7.820622920989990234e-01 9.971679066813972092e-01 -7.520748556254396033e-02 0.000000000000000000e+00 -1.314741492271423340e+00 0.000000000000000000e+00 0.000000000000000000e+00 1.000000000000000000e+00 0.000000000000000000e+00
-2.749805799578224352e-01 -9.614497806157425996e-01 0.000000000000000000e+00 -2.927848994731903076e-01 9.614497806157425996e-01 -2.749805799578224352e-01 0.000000000000000000e+00 -1.236175537109375000e+00 0.000000000000000000e+00 0.000000000000000000e+00 1.000000000000000000e+00 0.000000000000000000e+00
-4.314147155621239071e-01 -9.021537248143753907e-01 0.000000000000000000e+00 -5.616666749119758606e-02 9.021537248143753907e-01 -4.314147155621239071e-01 0.000000000000000000e+00 -9.754657745361328125e-01 0.000000000000000000e+00 0.000000000000000000e+00 1.000000000000000000e+00 0.000000000000000000e+00
-5.610936082415119985e-01 -8.277523559558865873e-01 0.000000000000000000e+00 2.239886373281478882e-01 8.277523559558865873e-01 -5.610936082415119985e-01 0.000000000000000000e+00 -7.430210709571838379e-01 0.000000000000000000e+00 0.000000000000000000e+00 1.000000000000000000e+00 0.000000000000000000e+00
-6.892394683850731063e-01 -7.245336122087516761e-01 0.000000000000000000e+00 4.706791639328002930e-01 7.245336122087516761e-01 -6.892394683850731063e-01 0.000000000000000000e+00 -5.560721755027770996e-01 0.000000000000000000e+00 0.000000000000000000e+00 1.000000000000000000e+00 0.000000000000000000e+00
-8.029453844614253821e-01 -5.960526063797505492e-01 0.000000000000000000e+00 6.950973272323608398e-01 5.960526063797505492e-01 -8.029453844614253821e-01 0.000000000000000000e+00 -1.546809077262878418e-01 0.000000000000000000e+00 0.000000000000000000e+00 1.000000000000000000e+00 0.000000000000000000e+00
-8.652662141309782617e-01 -5.013126556186708882e-01 0.000000000000000000e+00 9.236801266670227051e-01 5.013126556186708882e-01 -8.652662141309782617e-01 0.000000000000000000e+00 1.159871220588684082e-01 0.000000000000000000e+00 0.000000000000000000e+00 1.000000000000000000e+00 0.000000000000000000e+00
9.253584871212446883e-01 3.790932211378635897e-01 0.000000000000000000e+00 1.122891902923583984e+00 -3.790932211378635897e-01 9.253584871212446883e-01 0.000000000000000000e+00 5.471931099891662598e-01 0.000000000000000000e+00 0.000000000000000000e+00 1.000000000000000000e+00 0.000000000000000000e+00
9.568739734529909668e-01 2.905033544183004413e-01 0.000000000000000000e+00 1.188240408897399902e+00 -2.905033544183004413e-01 9.568739734529909668e-01 0.000000000000000000e+00 9.267861247062683105e-01 0.000000000000000000e+00 0.000000000000000000e+00 1.000000000000000000e+00 0.000000000000000000e+00
9.750010457937697828e-01 2.222002716043689485e-01 0.000000000000000000e+00 1.269788861274719238e+00 -2.222002716043689485e-01 9.750010457937697828e-01 0.000000000000000000e+00 1.373786807060241699e+00 0.000000000000000000e+00 0.000000000000000000e+00 1.000000000000000000e+00 0.000000000000000000e+00
9.970790383042724692e-01 7.637664154849449494e-02 0.000000000000000000e+00 1.321818947792053223e+00 -7.637664154849449494e-02 9.970790383042724692e-01 0.000000000000000000e+00 1.957883596420288086e+00 0.000000000000000000e+00 0.000000000000000000e+00 1.000000000000000000e+00 0.000000000000000000e+00
9.818975302292939356e-01 -1.894128826917873265e-01 0.000000000000000000e+00 1.225320339202880859e+00 1.894128826917873265e-01 9.818975302292939356e-01 0.000000000000000000e+00 2.201575994491577148e+00 0.000000000000000000e+00 0.000000000000000000e+00 1.000000000000000000e+00 0.000000000000000000e+00
9.462845097195899946e-01 -3.233351615039033455e-01 0.000000000000000000e+00 1.102025747299194336e+00 3.233351615039033455e-01 9.462845097195899946e-01 0.000000000000000000e+00 2.550769329071044922e+00 0.000000000000000000e+00 0.000000000000000000e+00 1.000000000000000000e+00 0.000000000000000000e+00
8.672064198158229154e-01 -4.979488180829659272e-01 0.000000000000000000e+00 7.351167798042297363e-01 4.979488180829659272e-01 8.672064198158229154e-01 0.000000000000000000e+00 2.996403694152832031e+00 0.000000000000000000e+00 0.000000000000000000e+00 1.000000000000000000e+00 0.000000000000000000e+00
8.265394876748084485e-01 -5.628787394406233879e-01 0.000000000000000000e+00 4.278812408447265625e-01 5.628787394406233879e-01 8.265394876748084485e-01 0.000000000000000000e+00 3.509096622467041016e+00 0.000000000000000000e+00 0.000000000000000000e+00 1.000000000000000000e+00 0.000000000000000000e+00
7.632203674621426126e-01 -6.461382752096892501e-01 0.000000000000000000e+00 3.251294791698455811e-01 6.461382752096892501e-01 7.632203674621426126e-01 0.000000000000000000e+00 3.747386217117309570e+00 0.000000000000000000e+00 0.000000000000000000e+00 1.000000000000000000e+00 0.000000000000000000e+00
-6.794608507475293768e-01 7.337117637747425647e-01 0.000000000000000000e+00 -1.521953642368316650e-01 -7.337117637747425647e-01 -6.794608507475293768e-01 0.000000000000000000e+00 4.009711742401123047e+00 0.000000000000000000e+00 0.000000000000000000e+00 1.000000000000000000e+00 0.000000000000000000e+00
