9.345571456829387946e-01 3.558130709416931770e-01 0.000000000000000000e+00 -7.762604999999999755e+00 -3.558130709416931770e-01 9.345571456829387946e-01 0.000000000000000000e+00 4.913241400000000425e+00 0.000000000000000000e+00 0.000000000000000000e+00 1.000000000000000000e+00 0.000000000000000000e+00
6.612596983523006955e-01 7.501570577785856564e-01 0.000000000000000000e+00 -7.508188200000000201e+00 -7.501570577785856564e-01 6.612596983523006955e-01 0.000000000000000000e+00 4.280327999999999911e+00 0.000000000000000000e+00 0.000000000000000000e+00 1.000000000000000000e+00 0.000000000000000000e+00
1.493504543856087330e-01 9.887843252068735378e-01 0.000000000000000000e+00 -7.443071999999999910e+00 -9.887843252068735378e-01 1.493504543856087330e-01 0.000000000000000000e+00 3.739317699999999967e+00 0.000000000000000000e+00 0.000000000000000000e+00 1.000000000000000000e+00 0.000000000000000000e+00
-2.131747670631713443e-01 9.770140831572299289e-01 0.000000000000000000e+00 -7.381292000000000186e+00 -9.770140831572299289e-01 -2.131747670631713443e-01 0.000000000000000000e+00 3.325144299999999831e+00 0.000000000000000000e+00 0.000000000000000000e+00 1.000000000000000000e+00 0.000000000000000000e+00
-5.387803359013582094e-01 8.424462888790119619e-01 0.000000000000000000e+00 -7.319428000000000267e+00 -8.424462888790119619e-01 -5.387803359013582094e-01 0.000000000000000000e+00 2.966463300000000025e+00 0.000000000000000000e+00 0.000000000000000000e+00 1.000000000000000000e+00 0.000000000000000000e+00
-6.956904838349597942e-01 7.183416671065931958e-01 0.000000000000000000e+00 -7.326707999999999998e+00 -7.183416671065931958e-01 -6.956904838349597942e-01 0.000000000000000000e+00 2.790885199999999955e+00 0.000000000000000000e+00 0.000000000000000000e+00 1.000000000000000000e+00 0.000000000000000000e+00
-9.658650637179554410e-01 2.590457077218417115e-01 0.000000000000000000e+00 -7.500822499999999948e+00 -2.590457077218417115e-01 -9.658650637179554410e-01 0.000000000000000000e+00 2.540848299999999949e+00 0.000000000000000000e+00 0.000000000000000000e+00 1.000000000000000000e+00 0.000000000000000000e+00
-9.957370027013147107e-01 -9.223785259535205450e-02 0.000000000000000000e+00 -7.493464000000000347e+00 9.223785259535205450e-02 -9.957370027013147107e-01 0.000000000000000000e+00 2.355426800000000043e+00 0.000000000000000000e+00 0.000000000000000000e+00 1.000000000000000000e+00 0.000000000000000000e+00
-9.633582774652965641e-01 -2.682178764346194177e-01 0.000000000000000000e+00 -7.480286999999999686e+00 2.682178764346194177e-01 -9.633582774652965641e-01 0.000000000000000000e+00 2.105411999999999839e+00 0.000000000000000000e+00 0.000000000000000000e+00 1.000000000000000000e+00 0.000000000000000000e+00
-9.791698449272796534e-01 -2.030428890286164467e-01 0.000000000000000000e+00 -7.427540300000000428e+00 2.030428890286164467e-01 -9.791698449272796534e-01 0.000000000000000000e+00 1.839163899999999963e+00 0.000000000000000000e+00 0.000000000000000000e+00 1.000000000000000000e+00 0.000000000000000000e+00
-9.192073522506858385e-01 -3.937738482533896245e-01 0.000000000000000000e+00 -7.696751599999999804e+00 3.937738482533896245e-01 -9.192073522506858385e-01 0.000000000000000000e+00 1.612109400000000026e+00 0.000000000000000000e+00 0.000000000000000000e+00 1.000000000000000000e+00 0.000000000000000000e+00
-7.475598405346025599e-01 -6.641944631054068626e-01 0.000000000000000000e+00 -7.857527300000000103e+00 6.641944631054068626e-01 -7.475598405346025599e-01 0.000000000000000000e+00 1.301222399999999890e+00 0.000000000000000000e+00 0.000000000000000000e+00 1.000000000000000000e+00 0.000000000000000000e+00
-4.205690804663630988e-01 -9.072605185698746633e-01 0.000000000000000000e+00 -8.136730000000000018e+00 9.072605185698746633e-01 -4.205690804663630988e-01 0.000000000000000000e+00 1.152962000000000042e+00 0.000000000000000000e+00 0.000000000000000000e+00 1.000000000000000000e+00 0.000000000000000000e+00
-2.111095757328560751e-01 -9.774624018518018875e-01 0.000000000000000000e+00 -8.140408000000000754e+00 9.774624018518018875e-01 -2.111095757328560751e-01 0.000000000000000000e+00 8.208579000000000292e-01 0.000000000000000000e+00 0.000000000000000000e+00 1.000000000000000000e+00 0.000000000000000000e+00
1.502795418402911309e-01 -9.886435451183971379e-01 0.000000000000000000e+00 -8.485545999999999367e+00 9.886435451183971379e-01 1.502795418402911309e-01 0.000000000000000000e+00 6.806185000000000151e-01 0.000000000000000000e+00 0.000000000000000000e+00 1.000000000000000000e+00 0.000000000000000000e+00
2.630421249182264831e-01 -9.647843492296629409e-01 0.000000000000000000e+00 -8.613281999999999883e+00 9.647843492296629409e-01 2.630421249182264831e-01 0.000000000000000000e+00 2.063214300000000001e-01 0.000000000000000000e+00 0.000000000000000000e+00 1.000000000000000000e+00 0.000000000000000000e+00
3.001472518222109143e-01 -9.538928803715720495e-01 0.000000000000000000e+00 -8.962289999999999424e+00 9.538928803715720495e-01 3.001472518222109143e-01 0.000000000000000000e+00 -2.560980600000000162e-01 0.000000000000000000e+00 0.000000000000000000e+00 1.000000000000000000e+00 0.000000000000000000e+00
3.804617272874712408e-01 -9.247966663377598096e-01 0.000000000000000000e+00 -9.000178999999999263e+00 9.247966663377598096e-01 3.804617272874712408e-01 0.000000000000000000e+00 -6.989800999999999931e-01 0.000000000000000000e+00 0.000000000000000000e+00 1.000000000000000000e+00 0.000000000000000000e+00
5.196404088161135082e-01 -8.543850686461125221e-01 0.000000000000000000e+00 -9.187882000000000104e+00 8.543850686461125221e-01 5.196404088161135082e-01 0.000000000000000000e+00 -1.263766200000000062e+00 0.000000000000000000e+00 0.000000000000000000e+00 1.000000000000000000e+00 0.000000000000000000e+00
4.766495663471179145e-01 -8.790933914557113038e-01 0.000000000000000000e+00 -9.329223999999999961e+00 8.790933914557113038e-01 4.766495663471179145e-01 0.000000000000000000e+00 -1.574303000000000008e+00 0.000000000000000000e+00 0.000000000000000000e+00 1.000000000000000000e+00 0.000000000000000000e+00
3.599000098692203831e-01 -9.329908803928016470e-01 0.000000000000000000e+00 -9.888706000000000884e+00 9.329908803928016470e-01 3.599000098692203831e-01 0.000000000000000000e+00 -1.982969900000000063e+00 0.000000000000000000e+00 0.000000000000000000e+00 1.000000000000000000e+00 0.000000000000000000e+00
2.219729351045452437e-01 -9.750528273283829428e-01 0.000000000000000000e+00 -1.000276500000000013e+01 9.750528273283829428e-01 2.219729351045452437e-01 0.000000000000000000e+00 -2.338863599999999821e+00 0.000000000000000000e+00 0.000000000000000000e+00 1.000000000000000000e+00 0.000000000000000000e+00
-5.118358036319511570e-03 -9.999869011197156654e-01 0.000000000000000000e+00 -9.927792999999999424e+00 9.999869011197156654e-01 -5.118358036319511570e-03 0.000000000000000000e+00 -2.683768699999999896e+00 0.000000000000000000e+00 0.000000000000000000e+00 1.000000000000000000e+00 0.000000000000000000e+00
-3.715422018416085770e-01 -9.284160663467050378e-01 0.000000000000000000e+00 -9.848971000000000586e+00 9.284160663467050378e-01 -3.715422018416085770e-01 0.000000000000000000e+00 -3.067204499999999889e+00 0.000000000000000000e+00 0.000000000000000000e+00 1.000000000000000000e+00 0.000000000000000000e+00
-6.561649739895955014e-01 -7.546174705830984708e-01 0.000000000000000000e+00 -9.756928000000000267e+00 7.546174705830984708e-01 -6.561649739895955014e-01 0.000000000000000000e+00 -3.377933699999999817e+00 0.000000000000000000e+00 0.000000000000000000e+00 1.000000000000000000e+00 0.000000000000000000e+00
-8.300346890555747592e-01 -5.577117669230364783e-01 0.000000000000000000e+00 -9.701427000000000689e+00 5.577117669230364783e-01 -8.300346890555747592e-01 0.000000000000000000e+00 -3.659855400000000092e+00 0.000000000000000000e+00 0.000000000000000000e+00 1.000000000000000000e+00 0.000000000000000000e+00
-9.326665468264238035e-01 -3.607396740460829809e-01 0.000000000000000000e+00 -9.795211999999999364e+00 3.607396740460829809e-01 -9.326665468264238035e-01 0.000000000000000000e+00 -3.941409000000000162e+00 0.000000000000000000e+00 0.000000000000000000e+00 1.000000000000000000e+00 0.000000000000000000e+00
-9.873848180808657560e-01 -1.583389434833252507e-01 0.000000000000000000e+00 -9.685793999999999571e+00 1.583389434833252507e-01 -9.873848180808657560e-01 0.000000000000000000e+00 -4.322949999999999626e+00 0.000000000000000000e+00 0.000000000000000000e+00 1.000000000000000000e+00 0.000000000000000000e+00
-9.977681503940690755e-01 6.677363296390519121e-02 0.000000000000000000e+00 -9.640917999999999211e+00 -6.677363296390519121e-02 -9.977681503940690755e-01 0.000000000000000000e+00 -4.514195400000000191e+00 0.000000000000000000e+00 0.000000000000000000e+00 1.000000000000000000e+00 0.000000000000000000e+00
-9.559350564521875704e-01 2.935782141878938156e-01 0.000000000000000000e+00 -9.410090000000000288e+00 -2.935782141878938156e-01 -9.559350564521875704e-01 0.000000000000000000e+00 -4.635144699999999673e+00 0.000000000000000000e+00 0.000000000000000000e+00 1.000000000000000000e+00 0.000000000000000000e+00
9.258906418496991586e-01 -3.777916348136258762e-01 0.000000000000000000e+00 -9.267882000000000176e+00 3.777916348136258762e-01 9.258906418496991586e-01 0.000000000000000000e+00 -4.874317999999999707e+00 0.000000000000000000e+00 0.000000000000000000e+00 1.000000000000000000e+00 0.000000000000000000e+00
8.734780761765954527e-01 -4.868634823426725156e-01 0.000000000000000000e+00 -9.106448999999999572e+00 4.868634823426725156e-01 8.734780761765954527e-01 0.000000000000000000e+00 -4.955626999999999782e+00 0.000000000000000000e+00 0.000000000000000000e+00 1.000000000000000000e+00 0.000000000000000000e+00
8.272941045538714233e-01 -5.617690491388859231e-01 0.000000000000000000e+00 -8.900876000000000232e+00 5.617690491388859231e-01 8.272941045538714233e-01 0.000000000000000000e+00 -5.044058999999999848e+00 0.000000000000000000e+00 0.000000000000000000e+00 1.000000000000000000e+00 0.000000000000000000e+00
5.777965705017402698e-01 -8.161808152097349556e-01 0.000000000000000000e+00 -8.420557999999999765e+00 8.161808152097349556e-01 5.777965705017402698e-01 0.000000000000000000e+00 -5.195730000000000182e+00 0.000000000000000000e+00 0.000000000000000000e+00 1.000000000000000000e+00 0.000000000000000000e+00
3.740303544059319640e-01 -9.274164619969677004e-01 0.000000000000000000e+00 -8.362783999999999551e+00 9.274164619969677004e-01 3.740303544059319640e-01 0.000000000000000000e+00 -5.429976500000000428e+00 0.000000000000000000e+00 0.000000000000000000e+00 1.000000000000000000e+00 0.000000000000000000e+00
9.996577083449839640e-02 -9.949908766724770981e-01 0.000000000000000000e+00 -8.211225499999999400e+00 9.949908766724770981e-01 9.996577083449839640e-02 0.000000000000000000e+00 -5.576224999999999987e+00 0.000000000000000000e+00 0.000000000000000000e+00 1.000000000000000000e+00 0.000000000000000000e+00
-1.876430100503729825e-01 -9.822372935188500298e-01 0.000000000000000000e+00 -8.022783999999999693e+00 9.822372935188500298e-01 -1.876430100503729825e-01 0.000000000000000000e+00 -5.859678699999999907e+00 0.000000000000000000e+00 0.000000000000000000e+00 1.000000000000000000e+00 0.000000000000000000e+00
-9.516133320754821545e-01 -3.072980088061068593e-01 0.000000000000000000e+00 -7.628159499999999760e+00 3.072980088061068593e-01 -9.516133320754821545e-01 0.000000000000000000e+00 -5.787050699999999992e+00 0.000000000000000000e+00 0.000000000000000000e+00 1.000000000000000000e+00 0.000000000000000000e+00
-8.969254007260012429e-01 4.421818919093161715e-01 0.000000000000000000e+00 -7.150687999999999711e+00 -4.421818919093161715e-01 -8.969254007260012429e-01 0.000000000000000000e+00 -5.982611999999999597e+00 0.000000000000000000e+00 0.000000000000000000e+00 1.000000000000000000e+00 0.000000000000000000e+00
-7.363591912186865374e-01 6.765908228078192366e-01 0.000000000000000000e+00 -6.223639999999999617e+00 -6.765908228078192366e-01 -7.363591912186865374e-01 0.000000000000000000e+00 -6.764790500000000151e+00 0.000000000000000000e+00 0.000000000000000000e+00 1.000000000000000000e+00 0.000000000000000000e+00
4.845275621457102999e-01 -8.747759950530963335e-01 0.000000000000000000e+00 -5.767149999999999999e+00 8.747759950530963335e-01 4.845275621457102999e-01 0.000000000000000000e+00 -6.698392400000000357e+00 0.000000000000000000e+00 0.000000000000000000e+00 1.000000000000000000e+00 0.000000000000000000e+00
-1.045841671759138447e-01 9.945160390743431611e-01 0.000000000000000000e+00 -4.670078300000000127e+00 -9.945160390743431611e-01 -1.045841671759138447e-01 0.000000000000000000e+00 -6.908612999999999893e+00 0.000000000000000000e+00 0.000000000000000000e+00 1.000000000000000000e+00 0.000000000000000000e+00
2.785861207407155926e-01 9.604112521886858378e-01 0.000000000000000000e+00 -3.957908999999999899e+00 -9.604112521886858378e-01 2.785861207407155926e-01 0.000000000000000000e+00 -6.821620499999999865e+00 0.000000000000000000e+00 0.000000000000000000e+00 1.000000000000000000e+00 0.000000000000000000e+00
5.135167069943179508e-01 8.580795951645230346e-01 0.000000000000000000e+00 -3.231942000000000093e+00 -8.580795951645230346e-01 5.135167069943179508e-01 0.000000000000000000e+00 -6.682693500000000064e+00 0.000000000000000000e+00 0.000000000000000000e+00 1.000000000000000000e+00 0.000000000000000000e+00
6.945435284302219348e-01 7.194506842832922855e-01 0.000000000000000000e+00 -2.638257299999999805e+00 -7.194506842832922855e-01 6.945435284302219348e-01 0.000000000000000000e+00 -6.391503300000000110e+00 0.000000000000000000e+00 0.000000000000000000e+00 1.000000000000000000e+00 0.000000000000000000e+00
7.968561578691988334e-01 6.041690687762313328e-01 0.000000000000000000e+00 -2.321147700000000036e+00 -6.041690687762313328e-01 7.968561578691988334e-01 0.000000000000000000e+00 -5.914517400000000258e+00 0.000000000000000000e+00 0.000000000000000000e+00 1.000000000000000000e+00 0.000000000000000000e+00
8.484107160245633050e-01 5.293385088340804012e-01 0.000000000000000000e+00 -2.130827399999999816e+00 -5.293385088340804012e-01 8.484107160245633050e-01 0.000000000000000000e+00 -5.512470200000000098e+00 0.000000000000000000e+00 0.000000000000000000e+00 1.000000000000000000e+00 0.000000000000000000e+00
9.126151633740063884e-01 4.088197201454885077e-01 0.000000000000000000e+00 -1.683642899999999942e+00 -4.088197201454885077e-01 9.126151633740063884e-01 0.000000000000000000e+00 -5.091810699999999912e+00 0.000000000000000000e+00 0.000000000000000000e+00 1.000000000000000000e+00 0.000000000000000000e+00
9.504443758230731731e-01 3.108946581501341178e-01 0.000000000000000000e+00 -1.575262299999999893e+00 -3.108946581501341178e-01 9.504443758230731731e-01 0.000000000000000000e+00 -4.595958999999999683e+00 0.000000000000000000e+00 0.000000000000000000e+00 1.000000000000000000e+00 0.000000000000000000e+00
9.401012629594205361e-01 3.408953144032673688e-01 0.000000000000000000e+00 -1.409031700000000109e+00 -3.408953144032673688e-01 9.401012629594205361e-01 0.000000000000000000e+00 -4.022476700000000349e+00 0.000000000000000000e+00 0.000000000000000000e+00 1.000000000000000000e+00 0.000000000000000000e+00
9.391995351570835426e-01 3.433718584286112874e-01 0.000000000000000000e+00 -1.220122200000000046e+00 -3.433718584286112874e-01 9.391995351570835426e-01 0.000000000000000000e+00 -3.608924200000000138e+00 0.000000000000000000e+00 0.000000000000000000e+00 1.000000000000000000e+00 0.000000000000000000e+00
8.827663099996464480e-01 4.698123475703975260e-01 0.000000000000000000e+00 -1.175157999999999925e+00 -4.698123475703975260e-01 8.827663099996464480e-01 0.000000000000000000e+00 -3.119051999999999936e+00 0.000000000000000000e+00 0.000000000000000000e+00 1.000000000000000000e+00 0.000000000000000000e+00
9.123808826709072228e-01 4.093423077775570906e-01 0.000000000000000000e+00 -9.537434999999999663e-01 -4.093423077775570906e-01 9.123808826709072228e-01 0.000000000000000000e+00 -2.709568700000000163e+00 0.000000000000000000e+00 0.000000000000000000e+00 1.000000000000000000e+00 0.000000000000000000e+00
8.718491961583444416e-01 4.897744166022237056e-01 0.000000000000000000e+00 -7.652016999999999847e-01 -4.897744166022237056e-01 8.718491961583444416e-01 0.000000000000000000e+00 -2.498784999999999812e+00 0.000000000000000000e+00 0.000000000000000000e+00 1.000000000000000000e+00 0.000000000000000000e+00
8.485763574161487854e-01 5.290729303549185358e-01 0.000000000000000000e+00 -6.919613000000000014e-01 -5.290729303549185358e-01 8.485763574161487854e-01 0.000000000000000000e+00 -2.088136399999999782e+00 0.000000000000000000e+00 0.000000000000000000e+00 1.000000000000000000e+00 0.000000000000000000e+00
8.064365984685208932e-01 5.913205667406822297e-01 0.000000000000000000e+00 -2.785183500000000256e-01 -5.913205667406822297e-01 8.064365984685208932e-01 0.000000000000000000e+00 -1.743327999999999989e+00 0.000000000000000000e+00 0.000000000000000000e+00 1.000000000000000000e+00 0.000000000000000000e+00
7.653826143597458609e-01 6.435755228687931595e-01 0.000000000000000000e+00 5.972562700000000335e-02 -6.435755228687931595e-01 7.653826143597458609e-01 0.000000000000000000e+00 -1.263598999999999917e+00 0.000000000000000000e+00 0.000000000000000000e+00 1.000000000000000000e+00 0.000000000000000000e+00
6.878512972849841756e-01 7.258516327896248344e-01 0.000000000000000000e+00 2.292994899999999947e-01 -7.258516327896248344e-01 6.878512972849841756e-01 0.000000000000000000e+00 -8.941461400000000337e-01 0.000000000000000000e+00 0.000000000000000000e+00 1.000000000000000000e+00 0.000000000000000000e+00
8.162710725554936930e-01 5.776690541383568966e-01 0.000000000000000000e+00 5.937333000000000194e-01 -5.776690541383568966e-01 8.162710725554936930e-01 0.000000000000000000e+00 -4.804699000000000053e-01 0.000000000000000000e+00 0.000000000000000000e+00 1.000000000000000000e+00 0.000000000000000000e+00
7.433258603381158736e-01 6.689294920637001152e-01 0.000000000000000000e+00 8.395681400000000183e-01 -6.689294920637001152e-01 7.433258603381158736e-01 0.000000000000000000e+00 -1.505726099999999956e-01 0.000000000000000000e+00 0.000000000000000000e+00 1.000000000000000000e+00 0.000000000000000000e+00
-7.698961254140536115e-01 6.381692221287609268e-01 0.000000000000000000e+00 7.139128000000000140e-01 -6.381692221287609268e-01 -7.698961254140536115e-01 0.000000000000000000e+00 -1.404928599999999972e-01 0.000000000000000000e+00 0.000000000000000000e+00 1.000000000000000000e+00 0.000000000000000000e+00
7.699509846681523717e-01 6.381030333798317633e-01 0.000000000000000000e+00 9.265728600000000537e-01 -6.381030333798317633e-01 7.699509846681523717e-01 0.000000000000000000e+00 2.389506700000000039e-01 0.000000000000000000e+00 0.000000000000000000e+00 1.000000000000000000e+00 0.000000000000000000e+00
8.378584309989635104e-01 5.458875796388439339e-01 0.000000000000000000e+00 1.194338899999999981e+00 -5.458875796388439339e-01 8.378584309989635104e-01 0.000000000000000000e+00 5.418196299999999965e-01 0.000000000000000000e+00 0.000000000000000000e+00 1.000000000000000000e+00 0.000000000000000000e+00
8.889682026671553716e-01 4.579689232324911652e-01 0.000000000000000000e+00 1.485744600000000082e+00 -4.579689232324911652e-01 8.889682026671553716e-01 0.000000000000000000e+00 1.000501599999999991e+00 0.000000000000000000e+00 0.000000000000000000e+00 1.000000000000000000e+00 0.000000000000000000e+00
9.588820059576489419e-01 2.838050363376861673e-01 0.000000000000000000e+00 1.611604800000000060e+00 -2.838050363376861673e-01 9.588820059576489419e-01 0.000000000000000000e+00 1.514749300000000076e+00 0.000000000000000000e+00 0.000000000000000000e+00 1.000000000000000000e+00 0.000000000000000000e+00
9.875166638069109437e-01 1.575145666396232935e-01 0.000000000000000000e+00 1.540946200000000044e+00 -1.575145666396232935e-01 9.875166638069109437e-01 0.000000000000000000e+00 2.046934400000000043e+00 0.000000000000000000e+00 0.000000000000000000e+00 1.000000000000000000e+00 0.000000000000000000e+00
9.918661643100759040e-01 1.272851605522712648e-01 0.000000000000000000e+00 1.624702300000000044e+00 -1.272851605522712648e-01 9.918661643100759040e-01 0.000000000000000000e+00 2.730830200000000207e+00 0.000000000000000000e+00 0.000000000000000000e+00 1.000000000000000000e+00 0.000000000000000000e+00
9.998628351139268178e-01 1.656233552190882613e-02 0.000000000000000000e+00 1.602442900000000003e+00 -1.656233552190882613e-02 9.998628351139268178e-01 0.000000000000000000e+00 3.328663000000000149e+00 0.000000000000000000e+00 0.000000000000000000e+00 1.000000000000000000e+00 0.000000000000000000e+00
9.790343277278895640e-01 -2.036953242723048285e-01 0.000000000000000000e+00 1.358467099999999927e+00 2.036953242723048285e-01 9.790343277278895640e-01 0.000000000000000000e+00 3.679247099999999993e+00 0.000000000000000000e+00 0.000000000000000000e+00 1.000000000000000000e+00 0.000000000000000000e+00
8.976330420022665679e-01 -4.407436010945106064e-01 0.000000000000000000e+00 1.009044000000000052e+00 4.407436010945106064e-01 8.976330420022665679e-01 0.000000000000000000e+00 4.158244599999999735e+00 0.000000000000000000e+00 0.000000000000000000e+00 1.000000000000000000e+00 0.000000000000000000e+00
-7.526359826553200572e-01 6.584368440575456560e-01 0.000000000000000000e+00 7.010686999999999891e-01 -6.584368440575456560e-01 -7.526359826553200572e-01 0.000000000000000000e+00 4.677019600000000388e+00 0.000000000000000000e+00 0.000000000000000000e+00 1.000000000000000000e+00 0.000000000000000000e+00
-6.335797054254652672e-01 7.736774243009683083e-01 0.000000000000000000e+00 -4.876313399999999965e-02 -7.736774243009683083e-01 -6.335797054254652672e-01 0.000000000000000000e+00 5.166273600000000243e+00 0.000000000000000000e+00 0.000000000000000000e+00 1.000000000000000000e+00 0.000000000000000000e+00
-3.692532598880122752e-01 9.293288062155805607e-01 0.000000000000000000e+00 -7.157391300000000012e-01 -9.293288062155805607e-01 -3.692532598880122752e-01 0.000000000000000000e+00 5.440851000000000326e+00 0.000000000000000000e+00 0.000000000000000000e+00 1.000000000000000000e+00 0.000000000000000000e+00
-1.539951247227343833e-01 9.880716075070822280e-01 0.000000000000000000e+00 -1.463766600000000029e+00 -9.880716075070822280e-01 -1.539951247227343833e-01 0.000000000000000000e+00 5.882378000000000107e+00 0.000000000000000000e+00 0.000000000000000000e+00 1.000000000000000000e+00 0.000000000000000000e+00
1.390865448744665889e-01 9.902802295486278217e-01 0.000000000000000000e+00 -2.256360499999999991e+00 -9.902802295486278217e-01 1.390865448744665889e-01 0.000000000000000000e+00 6.021091000000000193e+00 0.000000000000000000e+00 0.000000000000000000e+00 1.000000000000000000e+00 0.000000000000000000e+00
6.429801217660126023e-01 7.658828650738724875e-01 0.000000000000000000e+00 -3.305486699999999889e+00 -7.658828650738724875e-01 6.429801217660126023e-01 0.000000000000000000e+00 6.022701999999999778e+00 0.000000000000000000e+00 0.000000000000000000e+00 1.000000000000000000e+00 0.000000000000000000e+00
9.758819541349260662e-01 2.182989042432372517e-01 0.000000000000000000e+00 -4.294529400000000052e+00 -2.182989042432372517e-01 9.758819541349260662e-01 0.000000000000000000e+00 5.943743699999999741e+00 0.000000000000000000e+00 0.000000000000000000e+00 1.000000000000000000e+00 0.000000000000000000e+00
4.159443678973820946e-01 -9.093900608729167390e-01 0.000000000000000000e+00 -5.089940000000000353e+00 9.093900608729167390e-01 4.159443678973820946e-01 0.000000000000000000e+00 5.584601400000000382e+00 0.000000000000000000e+00 0.000000000000000000e+00 1.000000000000000000e+00 0.000000000000000000e+00
-8.912062171708742264e-01 -4.535983669238466409e-01 0.000000000000000000e+00 -5.586125400000000241e+00 4.535983669238466409e-01 -8.912062171708742264e-01 0.000000000000000000e+00 5.379794600000000315e+00 0.000000000000000000e+00 0.000000000000000000e+00 1.000000000000000000e+00 0.000000000000000000e+00
-6.315230566428682302e-01 7.753570976836728912e-01 0.000000000000000000e+00 -6.379161400000000093e+00 -7.753570976836728912e-01 -6.315230566428682302e-01 0.000000000000000000e+00 5.796295599999999659e+00 0.000000000000000000e+00 0.000000000000000000e+00 1.000000000000000000e+00 0.000000000000000000e+00
8.017026296729444779e-01 5.977230910509361284e-01 0.000000000000000000e+00 -7.417610599999999721e+00 -5.977230910509361284e-01 8.017026296729444779e-01 0.000000000000000000e+00 5.806648000000000032e+00 0.000000000000000000e+00 0.000000000000000000e+00 1.000000000000000000e+00 0.000000000000000000e+00
5.019851297412735169e-01 8.648762509854440728e-01 0.000000000000000000e+00 -6.912645300000000326e+00 -8.648762509854440728e-01 5.019851297412735169e-01 0.000000000000000000e+00 4.790023999999999837e+00 0.000000000000000000e+00 0.000000000000000000e+00 1.000000000000000000e+00 0.000000000000000000e+00
2.745468642765033218e-01 9.615737201670703227e-01 0.000000000000000000e+00 -6.740445000000000242e+00 -9.615737201670703227e-01 2.745468642765033218e-01 0.000000000000000000e+00 4.049194299999999913e+00 0.000000000000000000e+00 0.000000000000000000e+00 1.000000000000000000e+00 0.000000000000000000e+00
-1.398190558877017153e-01 9.901770708366618434e-01 0.000000000000000000e+00 -6.725600000000000023e+00 -9.901770708366618434e-01 -1.398190558877017153e-01 0.000000000000000000e+00 3.339180499999999885e+00 0.000000000000000000e+00 0.000000000000000000e+00 1.000000000000000000e+00 0.000000000000000000e+00
-5.405689799335613444e-01 8.412996956694973605e-01 0.000000000000000000e+00 -6.758267000000000024e+00 -8.412996956694973605e-01 -5.405689799335613444e-01 0.000000000000000000e+00 2.828272600000000025e+00 0.000000000000000000e+00 0.000000000000000000e+00 1.000000000000000000e+00 0.000000000000000000e+00
-8.276326748155251600e-01 5.612701271025380967e-01 0.000000000000000000e+00 -7.002246999999999666e+00 -5.612701271025380967e-01 -8.276326748155251600e-01 0.000000000000000000e+00 2.482976400000000083e+00 0.000000000000000000e+00 0.000000000000000000e+00 1.000000000000000000e+00 0.000000000000000000e+00
-9.844959892623307285e-01 1.754070897266837015e-01 0.000000000000000000e+00 -7.200345999999999691e+00 -1.754070897266837015e-01 -9.844959892623307285e-01 0.000000000000000000e+00 2.259089499999999973e+00 0.000000000000000000e+00 0.000000000000000000e+00 1.000000000000000000e+00 0.000000000000000000e+00
-9.932648517499259588e-01 -1.158660186517066620e-01 0.000000000000000000e+00 -7.306154699999999558e+00 1.158660186517066620e-01 -9.932648517499259588e-01 0.000000000000000000e+00 2.217807000000000084e+00 0.000000000000000000e+00 0.000000000000000000e+00 1.000000000000000000e+00 0.000000000000000000e+00
-9.750943354548953224e-01 -2.217905249639308685e-01 0.000000000000000000e+00 -7.336366700000000129e+00 2.217905249639308685e-01 -9.750943354548953224e-01 0.000000000000000000e+00 1.908871500000000054e+00 0.000000000000000000e+00 0.000000000000000000e+00 1.000000000000000000e+00 0.000000000000000000e+00
-9.357724667220421733e-01 -3.526044391736219419e-01 0.000000000000000000e+00 -7.426658599999999666e+00 3.526044391736219419e-01 -9.357724667220421733e-01 0.000000000000000000e+00 1.735369099999999998e+00 0.000000000000000000e+00 0.000000000000000000e+00 1.000000000000000000e+00 0.000000000000000000e+00
-8.586809946649351932e-01 -5.125104383339305070e-01 0.000000000000000000e+00 -7.485709700000000133e+00 5.125104383339305070e-01 -8.586809946649351932e-01 0.000000000000000000e+00 1.584947000000000106e+00 0.000000000000000000e+00 0.000000000000000000e+00 1.000000000000000000e+00 0.000000000000000000e+00
-6.066501590460150473e-01 -7.949689204801937414e-01 0.000000000000000000e+00 -7.744043399999999799e+00 7.949689204801937414e-01 -6.066501590460150473e-01 0.000000000000000000e+00 1.360662700000000003e+00 0.000000000000000000e+00 0.000000000000000000e+00 1.000000000000000000e+00 0.000000000000000000e+00
-4.616576355039542223e-01 -8.870581872576894789e-01 0.000000000000000000e+00 -7.819890000000000008e+00 8.870581872576894789e-01 -4.616576355039542223e-01 0.000000000000000000e+00 1.077248800000000006e+00 0.000000000000000000e+00 0.000000000000000000e+00 1.000000000000000000e+00 0.000000000000000000e+00
-2.003782446929970318e-01 -9.797186121809432491e-01 0.000000000000000000e+00 -8.053903000000000034e+00 9.797186121809432491e-01 -2.003782446929970318e-01 0.000000000000000000e+00 7.873400999999999872e-01 0.000000000000000000e+00 0.000000000000000000e+00 1.000000000000000000e+00 0.000000000000000000e+00
9.731961515664939587e-05 -9.999999952644462731e-01 0.000000000000000000e+00 -8.082470999999999961e+00 9.999999952644462731e-01 9.731961515664939587e-05 0.000000000000000000e+00 4.283540000000000125e-01 0.000000000000000000e+00 0.000000000000000000e+00 1.000000000000000000e+00 0.000000000000000000e+00
2.414938982492229325e-01 -9.704023377488297797e-01 0.000000000000000000e+00 -8.227579000000000420e+00 9.704023377488297797e-01 2.414938982492229325e-01 0.000000000000000000e+00 -1.387089999999999990e-01 0.000000000000000000e+00 0.000000000000000000e+00 1.000000000000000000e+00 0.000000000000000000e+00
4.881096248374715008e-01 -8.727823291869644118e-01 0.000000000000000000e+00 -8.390760999999999470e+00 8.727823291869644118e-01 4.881096248374715008e-01 0.000000000000000000e+00 -6.312063999999999453e-01 0.000000000000000000e+00 0.000000000000000000e+00 1.000000000000000000e+00 0.000000000000000000e+00
7.455810493727177413e-01 -6.664149599283294423e-01 0.000000000000000000e+00 -8.487954000000000221e+00 6.664149599283294423e-01 7.455810493727177413e-01 0.000000000000000000e+00 -1.103261199999999942e+00 0.000000000000000000e+00 0.000000000000000000e+00 1.000000000000000000e+00 0.000000000000000000e+00
5.120657216130473088e-01 -8.589462711653792493e-01 0.000000000000000000e+00 -8.561825000000000685e+00 8.589462711653792493e-01 5.120657216130473088e-01 0.000000000000000000e+00 -1.871173399999999987e+00 0.000000000000000000e+00 0.000000000000000000e+00 1.000000000000000000e+00 0.000000000000000000e+00
4.683130225578331363e-01 -8.835626253428482402e-01 0.000000000000000000e+00 -8.613728999999999303e+00 8.835626253428482402e-01 4.683130225578331363e-01 0.000000000000000000e+00 -2.157359800000000050e+00 0.000000000000000000e+00 0.000000000000000000e+00 1.000000000000000000e+00 0.000000000000000000e+00
3.402323895132527420e-01 -9.403413854160106444e-01 0.000000000000000000e+00 -9.080168999999999713e+00 9.403413854160106444e-01 3.402323895132527420e-01 0.000000000000000000e+00 -2.516564799999999824e+00 0.000000000000000000e+00 0.000000000000000000e+00 1.000000000000000000e+00 0.000000000000000000e+00
1.566686286436468900e-01 -9.876512242684252207e-01 0.000000000000000000e+00 -9.036602999999999497e+00 9.876512242684252207e-01 1.566686286436468900e-01 0.000000000000000000e+00 -2.878141199999999955e+00 0.000000000000000000e+00 0.000000000000000000e+00 1.000000000000000000e+00 0.000000000000000000e+00
-1.650970199875546607e-01 -9.862773311757849770e-01 0.000000000000000000e+00 -8.986174000000000106e+00 9.862773311757849770e-01 -1.650970199875546607e-01 0.000000000000000000e+00 -3.090466699999999900e+00 0.000000000000000000e+00 0.000000000000000000e+00 1.000000000000000000e+00 0.000000000000000000e+00
-4.219308575362490932e-01 -9.066280116225868824e-01 0.000000000000000000e+00 -8.928594000000000364e+00 9.066280116225868824e-01 -4.219308575362490932e-01 0.000000000000000000e+00 -3.171349499999999821e+00 0.000000000000000000e+00 0.000000000000000000e+00 1.000000000000000000e+00 0.000000000000000000e+00
-7.632691538678665344e-01 -6.460806441566185887e-01 0.000000000000000000e+00 -8.676823000000000619e+00 6.460806441566185887e-01 -7.632691538678665344e-01 0.000000000000000000e+00 -3.384070900000000215e+00 0.000000000000000000e+00 0.000000000000000000e+00 1.000000000000000000e+00 0.000000000000000000e+00
-9.061151339673358951e-01 -4.230311619672443291e-01 0.000000000000000000e+00 -8.792880999999999503e+00 4.230311619672443291e-01 -9.061151339673358951e-01 0.000000000000000000e+00 -3.506981999999999822e+00 0.000000000000000000e+00 0.000000000000000000e+00 1.000000000000000000e+00 0.000000000000000000e+00
-9.871663763196631969e-01 -1.596951641844710501e-01 0.000000000000000000e+00 -8.713983000000000700e+00 1.596951641844710501e-01 -9.871663763196631969e-01 0.000000000000000000e+00 -3.711306599999999900e+00 0.000000000000000000e+00 0.000000000000000000e+00 1.000000000000000000e+00 0.000000000000000000e+00
-9.995688897501712189e-01 -2.936042648889767431e-02 0.000000000000000000e+00 -8.654970000000000496e+00 2.936042648889767431e-02 -9.995688897501712189e-01 0.000000000000000000e+00 -3.954374599999999962e+00 0.000000000000000000e+00 0.000000000000000000e+00 1.000000000000000000e+00 0.000000000000000000e+00
-9.811812017978415179e-01 1.930892261068532234e-01 0.000000000000000000e+00 -8.569630999999999332e+00 -1.930892261068532234e-01 -9.811812017978415179e-01 0.000000000000000000e+00 -4.109815000000000218e+00 0.000000000000000000e+00 0.000000000000000000e+00 1.000000000000000000e+00 0.000000000000000000e+00
-9.631913114363593875e-01 2.688168476370224602e-01 0.000000000000000000e+00 -8.422380999999999673e+00 -2.688168476370224602e-01 -9.631913114363593875e-01 0.000000000000000000e+00 -4.319588000000000427e+00 0.000000000000000000e+00 0.000000000000000000e+00 1.000000000000000000e+00 0.000000000000000000e+00
8.906245353921561358e-01 -4.547394165426018597e-01 0.000000000000000000e+00 -8.219034000000000617e+00 4.547394165426018597e-01 8.906245353921561358e-01 0.000000000000000000e+00 -4.428318499999999602e+00 0.000000000000000000e+00 0.000000000000000000e+00 1.000000000000000000e+00 0.000000000000000000e+00
8.676594837286244477e-01 -4.971589487234208127e-01 0.000000000000000000e+00 -8.094960000000000377e+00 4.971589487234208127e-01 8.676594837286244477e-01 0.000000000000000000e+00 -4.599630999999999581e+00 0.000000000000000000e+00 0.000000000000000000e+00 1.000000000000000000e+00 0.000000000000000000e+00
7.403894909385878575e-01 -6.721781026690014649e-01 0.000000000000000000e+00 -7.839445999999999692e+00 6.721781026690014649e-01 7.403894909385878575e-01 0.000000000000000000e+00 -4.652619999999999756e+00 0.000000000000000000e+00 0.000000000000000000e+00 1.000000000000000000e+00 0.000000000000000000e+00
5.337585659386475667e-01 -8.456369157546981263e-01 0.000000000000000000e+00 -7.792417499999999997e+00 8.456369157546981263e-01 5.337585659386475667e-01 0.000000000000000000e+00 -4.561896299999999904e+00 0.000000000000000000e+00 0.000000000000000000e+00 1.000000000000000000e+00 0.000000000000000000e+00
1.644009030800004934e-01 -9.863936045344577908e-01 0.000000000000000000e+00 -7.485156500000000435e+00 9.863936045344577908e-01 1.644009030800004934e-01 0.000000000000000000e+00 -4.751114399999999627e+00 0.000000000000000000e+00 0.000000000000000000e+00 1.000000000000000000e+00 0.000000000000000000e+00
3.687116021772207652e-02 -9.993200275908609154e-01 0.000000000000000000e+00 -7.345751299999999873e+00 9.993200275908609154e-01 3.687116021772207652e-02 0.000000000000000000e+00 -4.854585600000000056e+00 0.000000000000000000e+00 0.000000000000000000e+00 1.000000000000000000e+00 0.000000000000000000e+00
-2.086613506064690093e-01 -9.779879553261809910e-01 0.000000000000000000e+00 -7.421666600000000003e+00 9.779879553261809910e-01 -2.086613506064690093e-01 0.000000000000000000e+00 -5.036529500000000326e+00 0.000000000000000000e+00 0.000000000000000000e+00 1.000000000000000000e+00 0.000000000000000000e+00
3.938092128149471294e-01 -9.191922018283616991e-01 0.000000000000000000e+00 -7.873697299999999899e+00 9.191922018283616991e-01 3.938092128149471294e-01 0.000000000000000000e+00 -5.295283300000000359e+00 0.000000000000000000e+00 0.000000000000000000e+00 1.000000000000000000e+00 0.000000000000000000e+00
8.067561400268334904e-01 -5.908845323149052309e-01 0.000000000000000000e+00 -7.950713000000000363e+00 5.908845323149052309e-01 8.067561400268334904e-01 0.000000000000000000e+00 -5.316139699999999912e+00 0.000000000000000000e+00 0.000000000000000000e+00 1.000000000000000000e+00 0.000000000000000000e+00
-7.471570589758814718e-01 6.646475225429725464e-01 0.000000000000000000e+00 -8.423014000000000223e+00 -6.646475225429725464e-01 -7.471570589758814718e-01 0.000000000000000000e+00 -4.801463599999999943e+00 0.000000000000000000e+00 0.000000000000000000e+00 1.000000000000000000e+00 0.000000000000000000e+00